main.tetris.heuristics.BumpinessHeuristic@7c3df479 main.tetris.heuristics.HolesHeuristic@7106e68e main.tetris.heuristics.MaximumColumnHeightHeuristic@7eda2dbb main.tetris.heuristics.RowsClearedHeuristic@6576fe71 Fitness.3936 NaN
.9027 NaN
.7720 NaN
.8127 NaN
.5368 NaN
.6568 NaN
.9478 NaN
.6900 NaN
.7255 NaN
.0433 NaN
.1090 NaN
.3492 NaN
.7205 NaN
.6327 NaN
.9150 NaN
.1418 NaN
.2402 NaN
.8340 NaN
.9770 NaN
.8256 NaN
.4859 NaN
.7769 NaN
.3450 NaN
.9672 NaN
.4918 NaN
.3712 NaN
.3664 NaN
.2766 NaN
.6219 NaN
.0112 NaN
.6189 NaN
.5953 NaN
.5756 NaN
.1112 NaN
.4154 NaN
.5802 NaN
.1697 NaN
.5886 NaN
.1725 NaN
.9590 NaN
.2698 NaN
.5968 NaN
.6378 NaN
.6988 NaN
.5968 NaN
.6229 NaN
.4371 NaN
.4928 NaN
.4806 NaN
.6903 NaN
.6715 NaN
.5130 NaN
.7976 NaN
.9818 NaN
.6570 NaN
.2314 NaN
.9010 NaN
.7174 NaN
.9326 NaN
.6995 NaN
.0954 NaN
.6568 NaN
.9930 NaN
.6761 NaN
.7169 NaN
.6845 NaN
.9818 NaN
.1806 NaN
.1483 NaN
.8916 NaN
.1364 NaN
.5201 NaN
.2231 NaN
.0548 NaN
.0728 NaN
.9920 NaN
.6829 NaN
.9724 NaN
.8693 NaN
.7683 NaN
.9707 NaN
.8424 NaN
.1854 NaN
.1968 NaN
.7131 NaN
.2940 NaN
.7781 NaN
.8778 NaN
.0800 NaN
.0450 NaN
.0073 NaN
.9204 NaN
.3790 NaN
.3366 NaN
.4326 NaN
.5504 NaN
.1468 NaN
.1832 NaN
.7455 NaN
.9403 NaN
.9597 NaN
.0120 NaN
.9508 NaN
.3964 NaN
.9679 NaN
.5347 NaN
.7293 NaN
.6101 NaN
.6752 NaN
.5880 NaN
.1295 NaN
.0815 NaN
.9319 NaN
.8174 NaN
.6560 NaN
.4904 NaN
.4895 NaN
.0980 NaN
.5120 NaN
.5884 NaN
.8264 NaN
.6662 NaN
.6598 NaN
.6382 NaN
.2920 NaN
.5947 NaN
.9029 NaN
.7076 NaN
.0078 NaN
.9524 NaN
.6149 NaN
.4695 NaN
.1432 NaN
.5809 NaN
.9839 NaN
.1057 NaN
.6861 NaN
.8733 NaN
.7282 NaN
.9061 NaN
.3715 NaN
.8314 NaN
.4180 NaN
.6615 NaN
.1943 NaN
.9686 NaN
.7756 NaN
.1749 NaN
.6551 NaN
.3449 NaN
.1191 NaN
.5498 NaN
.0702 NaN
.8264 NaN
.5181 NaN
.5318 NaN
.3342 NaN
.4013 NaN
.3114 NaN
.5706 NaN
.7368 NaN
.2526 NaN
.5283 NaN
.0720 NaN
.3360 NaN
.2030 NaN
.6753 NaN
.5858 NaN
.9886 NaN
.7062 NaN
.2780 NaN
.9017 NaN
.9857 NaN
.3610 NaN
.9115 NaN
.2683 NaN
.8738 NaN
.1405 NaN
.2004 NaN
.1659 NaN
.5889 NaN
.9648 NaN
.7302 NaN
.6735 NaN
.2873 NaN
.2368 NaN
.8068 NaN
.7711 NaN
.3373 NaN
.2635 NaN
.9578 NaN
.9793 NaN
.2185 NaN
.7692 NaN
.8570 NaN
.5808 NaN
.1168 NaN
.8379 NaN
.6480 NaN
.5227 NaN
.6287 NaN
.4372 NaN
.6926 NaN
.4836 NaN
.3919 NaN
.8187 NaN
.2876 NaN
.3555 NaN
.4550 NaN
.7836 NaN
.8999 NaN
.5952 NaN
.7542 NaN
.0308 NaN
.1620 NaN
.8136 NaN
.0188 NaN
.2033 NaN
.0129 NaN
.4007 NaN
.1677 NaN
.1223 NaN
.7942 NaN
.4988 NaN
.2061 NaN
.2187 NaN
.4573 NaN
.2149 NaN
.1775 NaN
.9619 NaN
.0822 NaN
.3351 NaN
.4293 NaN
.5790 NaN
.1921 NaN
.4500 NaN
.5025 NaN
.4639 NaN
.2210 NaN
.3206 NaN
.3099 NaN
.5285 NaN
.9085 NaN
.5463 NaN
.3889 NaN
.3444 NaN
.9872 NaN
.7568 NaN
.9951 NaN
.4767 NaN
.3865 NaN
.9692 NaN
.5157 NaN
.3886 NaN
.0343 NaN
.2327 NaN
.1684 NaN
.3420 NaN
.9735 NaN
.7885 NaN
.2059 NaN
.6069 NaN
.8356 NaN
.0830 NaN
.8530 NaN
.1039 NaN
.8481 NaN
.6819 NaN
.6354 NaN
.8149 NaN
.7684 NaN
.5069 NaN
.6204 NaN
.6371 NaN
.8198 NaN
.3044 NaN
.2575 NaN
.7532 NaN
.5528 NaN
.8706 NaN
.7049 NaN
.1789 NaN
.0765 NaN
.4465 NaN
.5996 NaN
.1854 NaN
.8520 NaN
.9426 NaN
.6937 NaN
.1363 NaN
.8799 NaN
.3126 NaN
.5651 NaN
.9306 NaN
.1152 NaN
.4839 NaN
.9101 NaN
.6181 NaN
.0760 NaN
.7671 NaN
.3718 NaN
.6510 NaN
.3438 NaN
.4674 NaN
.7347 NaN
.1632 NaN
.1935 NaN
.7909 NaN
.6528 NaN
.0471 NaN
.4731 NaN
.7457 NaN
.2871 NaN
.0692 NaN
.5853 NaN
.4065 NaN
.5287 NaN
.9236 NaN
.1972 NaN
.6430 NaN
.9174 NaN
.3435 NaN
.1567 NaN
.6873 NaN
.0085 NaN
.7805 NaN
.0958 NaN
.8068 NaN
.2680 NaN
.5294 NaN
.5998 NaN
.9393 NaN
.8076 NaN
.3864 NaN
.5839 NaN
.7206 NaN
.8837 NaN
.2742 NaN
.2741 NaN
.3176 NaN
.4912 NaN
.1171 NaN
.9926 NaN
.5319 NaN
.6848 NaN
.2743 NaN
.3391 NaN
.1541 NaN
.1692 NaN
.3020 NaN
.8020 NaN
.7278 NaN
.0716 NaN
.0857 NaN
.8000 NaN
.8854 NaN
.6954 NaN
.1895 NaN
.8684 NaN
.0721 NaN
.5131 NaN
.5290 NaN
.3077 NaN
.8356 NaN
.8924 NaN
.1184 NaN
.6356 NaN
.4519 NaN
.1394 NaN
.2915 NaN
.1961 NaN
.6207 NaN
.3031 NaN
.8392 NaN
.0192 NaN
.0610 NaN
.0968 NaN
.2690 NaN
.7756 NaN
.1641 NaN
.7965 NaN
.6622 NaN
.7812 NaN
.2548 NaN
.4266 NaN
.2209 NaN
.9704 NaN
.6553 NaN
.9087 NaN
.1657 NaN
.1452 NaN
.8151 NaN
.8340 NaN
.7538 NaN
.7417 NaN
.8240 NaN
.7791 NaN
.6872 NaN
.5657 NaN
.8197 NaN
.6261 NaN
.9821 NaN
.9417 NaN
.3854 NaN
.2016 NaN
.7012 NaN
.2973 NaN
.0364 NaN
.2811 NaN
.7701 NaN
.3277 NaN
.8454 NaN
.9505 NaN
.3994 NaN
.9905 NaN
.6725 NaN
.3211 NaN
.8088 NaN
.5602 NaN
.8417 NaN
.1044 NaN
.0915 NaN
.0510 NaN
.6501 NaN
.3691 NaN
.9482 NaN
.2710 NaN
.0974 NaN
.5101 NaN
.5380 NaN
.2718 NaN
.6693 NaN
.2394 NaN
.3142 NaN
.8669 NaN
.7052 NaN
.6434 NaN
.7441 NaN
.8974 NaN
.9498 NaN
.1033 NaN
.8129 NaN
.1377 NaN
.7112 NaN
.2304 NaN
.1613 NaN
.7250 NaN
.8730 NaN
.3041 NaN
.9125 NaN
.2677 NaN
.0627 NaN
.0996 NaN
.0882 NaN
.2820 NaN
.4055 NaN
.1714 NaN
.0837 NaN
.7166 NaN
.2822 NaN
.4379 NaN
.1971 NaN
.1459 NaN
.1465 NaN
.7406 NaN
.8205 NaN
.8198 NaN
.7576 NaN
.0392 NaN
.2386 NaN
.7631 NaN
.5337 NaN
.6058 NaN
.1315 NaN
.9602 NaN
.9989 NaN
.5333 NaN
.8868 NaN
.7060 NaN
.1918 NaN
.1634 NaN
.3406 NaN
.0800 NaN
.0696 NaN
.3164 NaN
.8142 NaN
.9700 NaN
.8845 NaN
.9500 NaN
.5380 NaN
.4540 NaN
.4618 NaN
.1290 NaN
.8671 NaN
.7735 NaN
.5000 NaN
.8949 NaN
.6668 NaN
.0108 NaN
.1208 NaN
.4877 NaN
.5514 NaN
.9485 NaN
.1199 NaN
.4590 NaN
.8885 NaN
.3121 NaN
.0664 NaN
.7775 NaN
.8953 NaN
.1316 NaN
.8029 NaN
.0342 NaN
.1927 NaN
.1531 NaN
.7068 NaN
.6206 NaN
.6848 NaN
.5887 NaN
.3071 NaN
.2492 NaN
.9026 NaN
.6943 NaN
.0485 NaN
.1789 NaN
.3156 NaN
.2401 NaN
.4986 NaN
.3319 NaN
.9504 NaN
.4077 NaN
.5681 NaN
.4265 NaN
.9906 NaN
.0826 NaN
.8820 NaN
.5310 NaN
.6336 NaN
.3638 NaN
.6223 NaN
.8563 NaN
.4710 NaN
.2236 NaN
.5287 NaN
.9432 NaN
.2911 NaN
.3687 NaN
.7532 NaN
.0808 NaN
.2626 NaN
.1946 NaN
.1099 NaN
.3796 NaN
.2052 NaN
.2501 NaN
.7503 NaN
.8714 NaN
.2448 NaN
.2986 NaN
.8047 NaN
.8135 NaN
.2618 NaN
.8794 NaN
.8982 NaN
.1972 NaN
.5307 NaN
.1151 NaN
.6195 NaN
.2152 NaN
.2732 NaN
.7738 NaN
.8477 NaN
.1813 NaN
.8572 NaN
.2088 NaN
.6878 NaN
.7348 NaN
.3903 NaN
.5548 NaN
.3988 NaN
.7579 NaN
.1135 NaN
.5320 NaN
.5544 NaN
.4362 NaN
.1251 NaN
.7692 NaN
.7345 NaN
.6364 NaN
.2171 NaN
.4550 NaN
.5425 NaN
.1484 NaN
.5980 NaN
.1139 NaN
.0879 NaN
.7953 NaN
.6936 NaN
.0172 NaN
.2893 NaN
.0659 NaN
.6464 NaN
.3185 NaN
.2810 NaN
.0101 NaN
.5050 NaN
.1352 NaN
.1538 NaN
.6367 NaN
.2297 NaN
.2563 NaN
.7480 NaN
.4583 NaN
.2986 NaN
.7909 NaN
.3792 NaN
.8561 NaN
.5538 NaN
.5660 NaN
.3416 NaN
.0429 NaN
.7550 NaN
.2902 NaN
.4110 NaN
.6952 NaN
.6006 NaN
.7062 NaN
.0485 NaN
.2386 NaN
.7548 NaN
.4277 NaN
.9841 NaN
.1807 NaN
.1107 NaN
.9882 NaN
.2961 NaN
.2043 NaN
.5587 NaN
.4928 NaN
.2738 NaN
.7772 NaN
.3323 NaN
.5732 NaN
.2436 NaN
.4939 NaN
.4726 NaN
.6379 NaN
.5376 NaN
.8618 NaN
.9566 NaN
.5179 NaN
.4391 NaN
.3343 NaN
.1314 NaN
.2833 NaN
.6188 NaN
.9424 NaN
.9421 NaN
.0456 NaN
.7818 NaN
.2426 NaN
.0139 NaN
.0745 NaN
.7918 NaN
.2926 NaN
.3760 NaN
.3915 NaN
.1357 NaN
.8936 NaN
.6633 NaN
.3748 NaN
.9593 NaN
.0754 NaN
.9060 NaN
.3801 NaN
.2259 NaN
.9372 NaN
.7256 NaN
.7636 NaN
.6913 NaN
.4054 NaN
.9847 NaN
.8949 NaN
.8067 NaN
.3458 NaN
.9099 NaN
.6709 NaN
.1417 NaN
.3767 NaN
.3446 NaN
.2852 NaN
.8457 NaN
.4925 NaN
.5136 NaN
.6270 NaN
.8087 NaN
.0208 NaN
.2482 NaN
.8868 NaN
.2060 NaN
.4499 NaN
.2570 NaN
.8017 NaN
.1887 NaN
.7448 NaN
.9164 NaN
.0933 NaN
.7519 NaN
.8503 NaN
.2536 NaN
.6776 NaN
.3218 NaN
.1133 NaN
.1883 NaN
.6825 NaN
.3127 NaN
.9985 NaN
.5593 NaN
.6384 NaN
.4027 NaN
.0423 NaN
.7954 NaN
.1721 NaN
.9888 NaN
.4947 NaN
.4879 NaN
.4806 NaN
.4828 NaN
.1631 NaN
.8534 NaN
.1244 NaN
.4688 NaN
.3165 NaN
.1995 NaN
.9070 NaN
.4263 NaN
.7399 NaN
.4873 NaN
.1915 NaN
.3983 NaN
.2333 NaN
.2222 NaN
.2178 NaN
.5040 NaN
.6281 NaN
.9899 NaN
.6971 NaN
.6918 NaN
.2151 NaN
.3582 NaN
.3062 NaN
.9606 NaN
.7448 NaN
.0373 NaN
.8858 NaN
.6890 NaN
.9188 NaN
.4463 NaN
.0183 NaN
.7362 NaN
.6947 NaN
.2593 NaN
.9619 NaN
.1713 NaN
.8124 NaN
.9485 NaN
.1524 NaN
.8936 NaN
.5528 NaN
.3899 NaN
.6414 NaN
.4696 NaN
.1022 NaN
.1539 NaN
.8012 NaN
.2569 NaN
.1989 NaN
.4972 NaN
.6451 NaN
.8854 NaN
.2142 NaN
.5607 NaN
.5156 NaN
.3497 NaN
.9542 NaN
.6768 NaN
.4709 NaN
.6942 NaN
.9953 NaN
.8860 NaN
.4238 NaN
.6432 NaN
.2852 NaN
.6219 NaN
.2202 NaN
.9329 NaN
.7109 NaN
.5174 NaN
.6561 NaN
.2683 NaN
.2928 .0000
.0490 .0000
.8138 .0000
.1110 .0000
.0294 .0000
.6764 .0000
.6627 .0000
.4837 .0000
.3051 .0000
.5814 .0000
.8731 .0000
.9759 .0000
.2861 .0000
.8245 .0000
.7820 .0000
.3920 .0000
.6917 .0000
1.0000 .0000
.7930 .0000
.0143 .0000
.4537 .0000
.2944 .0000
.8697 .0000
.3605 .0000
.7674 .0000
.2465 .0000
.3792 .0000
.3274 .0000
.6165 .0000
.9888 .0000
.5503 .0000
.5333 .0000
.0923 .0000
.7177 .0000
.2943 .0000
.5176 .0000
.3009 .0000
.3547 .0000
.8116 .0000
.9369 .0000
-1.0000 .0000
.9538 .0000
.3731 .0000
.9070 .0000
.5060 .0000
.4003 .0000
.0523 .0000
.3367 .0000
.8421 .0000
.6072 .0000
.1738 .0000
.4647 .0000
.9118 .0000
-.9446 .0000
.1201 .0000
.4158 .0000
.3616 .0000
.1062 .0000
.4030 .0000
.0621 .0000
.2556 .0000
.9179 .0000
.1714 .0000
.2671 .0000
.2373 .0000
.6002 .0000
.4405 .0000
.2305 .0000
.8701 .0000
.3234 .0000
.7963 .0000
.9447 .0000
1.0000 .0000
.8926 .0000
.5353 .0000
.0708 .0000
.4003 .0000
.1939 .0000
.1213 .0000
.6307 .0000
.5303 .0000
.7656 .0000
.9118 .0000
.4237 .0000
.5923 .0000
.5881 .0000
.0445 .0000
.2545 .0000
.9048 .0000
.0326 .0000
.8305 .0000
.8532 .0000
.0689 .0000
.9382 .0000
.8678 .0000
.4574 .0000
.5954 .0000
.6280 .0000
.2972 .0000
.8842 .0000
.1689 .0000
.5272 .0000
.2531 .0000
.5376 .0000
.9368 .0000
.7214 .0000
.1863 .0000
.2593 .0000
.0522 .0000
.1526 .0000
.1900 .0000
.0083 .0000
.0591 .0000
.3655 .0000
.9486 .0000
.6675 .0000
.9044 .0000
.2704 .0000
.1902 .0000
.1445 .0000
.5214 .0000
.8604 .0000
.0333 .0000
.9048 .0000
.1907 .0000
.2457 .0000
.4608 .0000
.2936 .0000
.8360 .0000
.0937 .0000
.5331 .0000
.8439 .0000
.4933 .0000
.3057 .0000
.0025 .0000
.7374 .0000
.1406 .0000
.6949 .0000
.2352 .0000
.1209 .0000
.1980 .0000
.7957 .0000
-.8417 .0000
.5600 .0000
.8190 .0000
.8286 .0000
.3767 .0000
.3449 .0000
.5327 .0000
.9229 .0000
.1422 .0000
-1.0000 .0000
.1446 .0000
.3185 .0000
.9761 .0000
.6480 .0000
.9382 .0000
.5068 .0000
.5931 .0000
.6042 .0000
.3902 .0000
.3206 .0000
.4460 .0000
.4761 .0000
.9494 .0000
.4899 .0000
.6184 .0000
.2522 .0000
.4829 .0000
.7403 .0000
.9737 .0000
.0265 .0000
.5506 .0000
.5174 .0000
.0044 .0000
.6454 .0000
.7807 .0000
.8360 .0000
.8547 .0000
.2864 .0000
.2113 .0000
.4728 .0000
.2728 .0000
.3820 .0000
.9689 .0000
.9604 .0000
.5233 .0000
.9167 .0000
.9700 .0000
.3161 .0000
.3355 .0000
.0332 .0000
.0757 .0000
.8139 .0000
.2394 .0000
.0578 .0000
.1535 .0000
.2855 .0000
.3237 .0000
.3237 .0000
